110000	110000	0.00020000
110000	130000	0.00010000
110000	150900	0.00005000
110000	230000	0.00005000
110000	350000	0.00020000
110000	350300	0.00005000
110000	370000	0.00005000
110000	410000	0.00005000
110000	410482	0.00005000
110000	420000	0.00005000
110000	440000	0.00010000
110000	510000	0.00005000
110102	410000	0.00100000
110115	370000	0.00100000
120000	120000	0.00022222
120000	211300	0.00011111
120000	230800	0.00011111
120000	320000	0.00011111
120000	420300	0.00011111
120000	440100	0.00011111
120000	610000	0.00011111
120000	620000	0.00011111
120100	410700	0.00100000
130000	130000	0.00008333
130000	130400	0.00004167
130000	140000	0.00004167
130000	220000	0.00004167
130000	320000	0.00008333
130000	340000	0.00016667
130000	350000	0.00008333
130000	370000	0.00008333
130000	410000	0.00020833
130000	440000	0.00008333
130000	440100	0.00004167
130000	510000	0.00004167
130100	440000	0.00100000
130126	370400	0.00100000
130200	130224	0.00100000
130400	130400	0.00025000
130400	130406	0.00025000
130400	340000	0.00025000
130400	371500	0.00025000
130433	320300	0.00100000
130500	130481	0.00100000
130533	140925	0.00100000
130626	130600	0.00100000
130800	211400	0.00100000
130900	130900	0.00050000
130900	520100	0.00050000
131081	131100	0.00100000
131100	131100	0.00100000
140000	110000	0.00005882
140000	130000	0.00013725
140000	140000	0.00005882
140000	210000	0.00001961
140000	230000	0.00001961
140000	310000	0.00001961
140000	320000	0.00007843
140000	330000	0.00001961
140000	350000	0.00009804
140000	370000	0.00013725
140000	370500	0.00001961
140000	410000	0.00015686
140000	440000	0.00007843
140000	441500	0.00001961
140000	510000	0.00003922
140000	510700	0.00001961
140000	520000	0.00001961
140100	230100	0.00050000
140100	440300	0.00050000
140200	110000	0.00016667
140200	130100	0.00016667
140200	130500	0.00016667
140200	140200	0.00033333
140200	410000	0.00016667
140600	130500	0.00100000
140621	410500	0.00100000
140800	130400	0.00033333
140800	350582	0.00033333
140800	410200	0.00033333
140822	141000	0.00100000
140829	230100	0.00100000
140882	370400	0.00050000
140882	410300	0.00050000
140900	410000	0.00100000
141024	410581	0.00100000
141100	410500	0.00100000
150000	110000	0.00006667
150000	120000	0.00006667
150000	130000	0.00006667
150000	150000	0.00020000
150000	220000	0.00006667
150000	350000	0.00026667
150000	370000	0.00006667
150000	410000	0.00006667
150000	510000	0.00006667
150000	530000	0.00006667
150100	371400	0.00050000
150100	410700	0.00050000
150200	130400	0.00025000
150200	330300	0.00025000
150200	371700	0.00050000
150424	150000	0.00100000
150500	150500	0.00100000
150721	422801	0.00100000
150783	230100	0.00100000
150785	410526	0.00100000
150821	320500	0.00100000
152223	150721	0.00050000
152223	211000	0.00050000
210000	130000	0.00011111
210000	150000	0.00011111
210000	230000	0.00011111
210000	340000	0.00011111
210000	350000	0.00022222
210000	360000	0.00011111
210000	410000	0.00011111
210000	620100	0.00011111
210100	210100	0.00100000
210200	350000	0.00100000
210400	210400	0.00050000
210400	371700	0.00050000
210500	210500	0.00100000
211300	410200	0.00100000
211400	150500	0.00100000
220000	120000	0.00005263
220000	130000	0.00021053
220000	210000	0.00010526
220000	210200	0.00005263
220000	220000	0.00005263
220000	230000	0.00005263
220000	320000	0.00005263
220000	350000	0.00015789
220000	370000	0.00010526
220000	440000	0.00010526
220000	520000	0.00005263
220100	650000	0.00100000
220182	230600	0.00100000
220200	371700	0.00100000
220600	230800	0.00100000
220800	220800	0.00100000
222426	371100	0.00100000
230000	210000	0.00005000
230000	230000	0.00025000
230000	340000	0.00010000
230000	350000	0.00015000
230000	370000	0.00020000
230000	430000	0.00005000
230000	440100	0.00005000
230000	510000	0.00015000
230100	230200	0.00033333
230100	371300	0.00033333
230100	411300	0.00033333
230200	230200	0.00050000
230200	350300	0.00050000
230223	110000	0.00100000
230500	310000	0.00100000
230800	230800	0.00050000
230800	371700	0.00050000
230900	371300	0.00100000
231000	410300	0.00100000
310000	130000	0.00016000
310000	140000	0.00004000
310000	150100	0.00004000
310000	220000	0.00004000
310000	310000	0.00008000
310000	320000	0.00004000
310000	320600	0.00004000
310000	320700	0.00004000
310000	350000	0.00012000
310000	360000	0.00004000
310000	370000	0.00016000
310000	410000	0.00004000
310000	500000	0.00008000
310000	520300	0.00004000
310000	620000	0.00004000
320000	130000	0.00005970
320000	310000	0.00001493
320000	320000	0.00014925
320000	330000	0.00001493
320000	340000	0.00005970
320000	350000	0.00010448
320000	360000	0.00001493
320000	370000	0.00016418
320000	370300	0.00001493
320000	410000	0.00019403
320000	410221	0.00001493
320000	410700	0.00001493
320000	411300	0.00001493
320000	420100	0.00001493
320000	430000	0.00001493
320000	430200	0.00001493
320000	440000	0.00002985
320000	440100	0.00001493
320000	445200	0.00001493
320000	510000	0.00001493
320000	520000	0.00001493
320000	530000	0.00001493
320000	610000	0.00001493
320100	320100	0.00025000
320100	321300	0.00025000
320100	350500	0.00025000
320100	460000	0.00025000
320200	130100	0.00050000
320200	410000	0.00050000
320281	320300	0.00100000
320300	320000	0.00020000
320300	320300	0.00020000
320300	340122	0.00020000
320300	370800	0.00020000
320300	411400	0.00020000
320324	610722	0.00100000
320400	130000	0.00020000
320400	320400	0.00020000
320400	340000	0.00020000
320400	410500	0.00020000
320400	410700	0.00020000
320500	120000	0.00050000
320500	410000	0.00050000
320585	520000	0.00100000
320981	320800	0.00100000
321100	320100	0.00050000
321100	320700	0.00050000
321181	320382	0.00100000
321281	450000	0.00100000
321283	320300	0.00100000
330000	110000	0.00002000
330000	130000	0.00014000
330000	320000	0.00006000
330000	330000	0.00002000
330000	340000	0.00006000
330000	350000	0.00018000
330000	360000	0.00004000
330000	370000	0.00016000
330000	410000	0.00014000
330000	410500	0.00002000
330000	440000	0.00004000
330000	441900	0.00002000
330000	460000	0.00002000
330000	510000	0.00002000
330000	520000	0.00006000
330200	310000	0.00033333
330200	320000	0.00033333
330200	441900	0.00033333
330300	330000	0.00016667
330300	330300	0.00033333
330300	330600	0.00016667
330300	341600	0.00016667
330300	371300	0.00016667
330381	130600	0.00100000
330400	370200	0.00100000
330483	370283	0.00100000
330500	330500	0.00100000
330522	370300	0.00100000
330600	330100	0.00033333
330600	370100	0.00066667
330700	130000	0.00050000
330700	330783	0.00050000
330726	330726	0.00100000
330782	130400	0.00050000
330782	220100	0.00050000
331000	330000	0.00050000
331000	410000	0.00050000
331081	350582	0.00100000
340000	130000	0.00002632
340000	140000	0.00002632
340000	210000	0.00002632
340000	320000	0.00007895
340000	340000	0.00005263
340000	350000	0.00010526
340000	370000	0.00007895
340000	410000	0.00018421
340000	411000	0.00002632
340000	430000	0.00005263
340000	440000	0.00007895
340000	441300	0.00002632
340000	445200	0.00002632
340000	450000	0.00002632
340000	460000	0.00005263
340000	510000	0.00002632
340000	520000	0.00002632
340000	530000	0.00002632
340000	610000	0.00002632
340000	610100	0.00002632
340100	110000	0.00033333
340100	340100	0.00033333
340100	341323	0.00033333
340181	310000	0.00050000
340181	430200	0.00050000
340300	130600	0.00100000
340400	320724	0.00100000
340421	441323	0.00100000
340500	440100	0.00100000
340600	340600	0.00100000
340800	340800	0.00100000
340824	130400	0.00100000
341100	320300	0.00050000
341100	330700	0.00050000
341200	341200	0.00050000
341200	341225	0.00025000
341200	350500	0.00025000
341226	310000	0.00100000
341300	320300	0.00100000
341522	411525	0.00100000
341822	340225	0.00100000
350000	130000	0.00016216
350000	140000	0.00002703
350000	220000	0.00002703
350000	230000	0.00002703
350000	320000	0.00005405
350000	330000	0.00002703
350000	350000	0.00035135
350000	350600	0.00002703
350000	370000	0.00005405
350000	410000	0.00008108
350000	430000	0.00002703
350000	440000	0.00005405
350000	440100	0.00002703
350000	440500	0.00002703
350000	520000	0.00002703
350100	320500	0.00033333
350100	350300	0.00033333
350100	350400	0.00033333
350200	320000	0.00033333
350200	360000	0.00033333
350200	440000	0.00033333
350300	350300	0.00060000
350300	350500	0.00020000
350300	430000	0.00020000
350322	500000	0.00100000
350400	350100	0.00033333
350400	350300	0.00033333
350400	510000	0.00033333
350500	330700	0.00100000
350581	350500	0.00100000
350582	110000	0.00020000
350582	130400	0.00020000
350582	130600	0.00020000
350582	330600	0.00020000
350582	350500	0.00020000
350600	350000	0.00033333
350600	350300	0.00033333
350600	520000	0.00033333
350700	330881	0.00100000
350782	350782	0.00100000
350800	310000	0.00050000
350800	350500	0.00050000
350926	330881	0.00100000
360000	110000	0.00002941
360000	130000	0.00005882
360000	140000	0.00005882
360000	320000	0.00002941
360000	321081	0.00002941
360000	330000	0.00008824
360000	340000	0.00002941
360000	350000	0.00029412
360000	360000	0.00005882
360000	360700	0.00002941
360000	370000	0.00002941
360000	410000	0.00005882
360000	440000	0.00011765
360000	450000	0.00002941
360000	500000	0.00005882
360100	321200	0.00020000
360100	340100	0.00020000
360100	350300	0.00020000
360100	361000	0.00020000
360100	410000	0.00020000
360200	350500	0.00050000
360200	370800	0.00050000
360281	360200	0.00100000
360300	130600	0.00050000
360300	440700	0.00050000
360400	360100	0.00100000
360600	350300	0.00100000
360700	360100	0.00033333
360700	370000	0.00033333
360700	445200	0.00033333
360731	441900	0.00100000
360800	360800	0.00100000
360825	350821	0.00100000
360829	350500	0.00100000
360900	310000	0.00050000
360900	320000	0.00050000
360922	441900	0.00100000
360981	360981	0.00050000
360981	445200	0.00050000
361000	350400	0.00050000
361000	350500	0.00050000
361100	350300	0.00033333
361100	350500	0.00033333
361100	520000	0.00033333
361124	361124	0.00100000
361128	350500	0.00100000
370000	120000	0.00008333
370000	130000	0.00005556
370000	140000	0.00002778
370000	210000	0.00005556
370000	220000	0.00002778
370000	320000	0.00016667
370000	340000	0.00002778
370000	341322	0.00002778
370000	350000	0.00005556
370000	370000	0.00022222
370000	410000	0.00005556
370000	440000	0.00005556
370000	441400	0.00002778
370000	450000	0.00002778
370000	500000	0.00002778
370000	610100	0.00002778
370000	620100	0.00002778
370200	220000	0.00050000
370200	370200	0.00050000
370725	370900	0.00100000
370800	370800	0.00100000
370881	370831	0.00050000
370881	410000	0.00050000
370883	370283	0.00100000
370900	370300	0.00100000
371300	371300	0.00100000
371622	411425	0.00100000
371728	510521	0.00100000
410000	110000	0.00002174
410000	130000	0.00014130
410000	140000	0.00002174
410000	220000	0.00001087
410000	230000	0.00001087
410000	320000	0.00006522
410000	330000	0.00003261
410000	330200	0.00001087
410000	340000	0.00005435
410000	350000	0.00015217
410000	370000	0.00003261
410000	410000	0.00020652
410000	410200	0.00001087
410000	411000	0.00001087
410000	411100	0.00001087
410000	420000	0.00001087
410000	430000	0.00001087
410000	440000	0.00005435
410000	441900	0.00001087
410000	500000	0.00004348
410000	510000	0.00003261
410000	520000	0.00002174
410000	530000	0.00001087
410000	610000	0.00001087
410100	230000	0.00025000
410100	320000	0.00025000
410100	410300	0.00025000
410100	411300	0.00025000
410183	370881	0.00100000
410300	120000	0.00025000
410300	341500	0.00025000
410300	370800	0.00025000
410300	410000	0.00025000
410400	410183	0.00020000
410400	410400	0.00040000
410400	411000	0.00020000
410400	411621	0.00020000
410482	130500	0.00100000
410500	410500	0.00040000
410500	410502	0.00020000
410500	410900	0.00040000
410600	610900	0.00100000
410700	341200	0.00050000
410700	420100	0.00050000
410800	130000	0.00100000
410882	411400	0.00100000
411000	220100	0.00050000
411000	410300	0.00050000
411082	410000	0.00100000
411200	350000	0.00050000
411200	411600	0.00050000
411300	410000	0.00025000
411300	411300	0.00025000
411300	440100	0.00025000
411300	510600	0.00025000
411328	510100	0.00100000
411329	500238	0.00100000
411381	410600	0.00050000
411381	411381	0.00050000
411400	130400	0.00050000
411400	440100	0.00050000
411500	410500	0.00050000
411500	411500	0.00050000
411524	440600	0.00100000
411600	411200	0.00050000
411600	411600	0.00050000
411625	411625	0.00100000
411700	411600	0.00100000
420000	110000	0.00002500
420000	130000	0.00008750
420000	130108	0.00001250
420000	140000	0.00001250
420000	230000	0.00001250
420000	320000	0.00002500
420000	340000	0.00003750
420000	350000	0.00023750
420000	360000	0.00002500
420000	370000	0.00012500
420000	371300	0.00001250
420000	371425	0.00001250
420000	410000	0.00012500
420000	411121	0.00001250
420000	420000	0.00011250
420000	420300	0.00001250
420000	430000	0.00001250
420000	440000	0.00006250
420000	440300	0.00001250
420000	510000	0.00001250
420000	510700	0.00001250
420100	130000	0.00006667
420100	130400	0.00013333
420100	140000	0.00006667
420100	150100	0.00013333
420100	320000	0.00006667
420100	350100	0.00006667
420100	350500	0.00006667
420100	370000	0.00006667
420100	410100	0.00006667
420100	410400	0.00006667
420100	420000	0.00006667
420100	421223	0.00006667
420100	431100	0.00006667
420300	340000	0.00100000
420325	320100	0.00100000
420500	371300	0.00050000
420500	420500	0.00050000
420700	420100	0.00100000
420800	500000	0.00100000
420900	420100	0.00100000
420984	420984	0.00050000
420984	430000	0.00050000
421000	210400	0.00100000
421081	421000	0.00100000
421100	421100	0.00100000
421121	410883	0.00100000
421200	130500	0.00050000
421200	411300	0.00050000
421381	130900	0.00100000
422801	411121	0.00050000
422801	440300	0.00050000
429004	130600	0.00050000
429004	420800	0.00050000
430000	110000	0.00003030
430000	130000	0.00009091
430000	130400	0.00001515
430000	140000	0.00001515
430000	150000	0.00001515
430000	210600	0.00001515
430000	310000	0.00001515
430000	320000	0.00006061
430000	321200	0.00001515
430000	330000	0.00001515
430000	340000	0.00006061
430000	350000	0.00021212
430000	350400	0.00001515
430000	360100	0.00001515
430000	370000	0.00001515
430000	410000	0.00013636
430000	411700	0.00001515
430000	420000	0.00001515
430000	430000	0.00004545
430000	440000	0.00007576
430000	440300	0.00001515
430000	440400	0.00001515
430000	450000	0.00004545
430000	500000	0.00003030
430100	430100	0.00050000
430100	440000	0.00025000
430100	610100	0.00025000
430224	430200	0.00100000
430281	360900	0.00100000
430400	430400	0.00040000
430400	431300	0.00020000
430400	440500	0.00020000
430400	450300	0.00020000
430424	431100	0.00100000
430481	130400	0.00033333
430481	130900	0.00033333
430481	360000	0.00033333
430500	130500	0.00025000
430500	410700	0.00025000
430500	430500	0.00050000
430522	441900	0.00100000
430524	441900	0.00100000
430528	430528	0.00100000
430600	510000	0.00100000
430623	341621	0.00100000
430682	360100	0.00100000
430723	130900	0.00100000
430800	330600	0.00100000
430923	430923	0.00100000
431000	370000	0.00100000
431022	440100	0.00100000
431023	131100	0.00100000
431100	210200	0.00025000
431100	350500	0.00025000
431100	431100	0.00025000
431100	451100	0.00025000
431200	130000	0.00050000
431200	445200	0.00050000
431300	130000	0.00050000
431300	410000	0.00050000
433101	321200	0.00100000
433124	441500	0.00050000
433124	441581	0.00050000
440000	110000	0.00001010
440000	130000	0.00004040
440000	150000	0.00001010
440000	220000	0.00001010
440000	320000	0.00003030
440000	330000	0.00002020
440000	340000	0.00004040
440000	350000	0.00014141
440000	350100	0.00001010
440000	360000	0.00002020
440000	370000	0.00005051
440000	371400	0.00001010
440000	410000	0.00007071
440000	430000	0.00002020
440000	440000	0.00032323
440000	440100	0.00001010
440000	440300	0.00003030
440000	441900	0.00002020
440000	450000	0.00004040
440000	450923	0.00002020
440000	510000	0.00003030
440000	520000	0.00002020
440000	530000	0.00001010
440000	610000	0.00001010
440100	130000	0.00005882
440100	330000	0.00005882
440100	330400	0.00005882
440100	350000	0.00011765
440100	370000	0.00011765
440100	410000	0.00005882
440100	440100	0.00023529
440100	440115	0.00005882
440100	440982	0.00005882
440100	441200	0.00005882
440100	450000	0.00005882
440100	610000	0.00005882
440118	440118	0.00100000
440233	441300	0.00100000
440300	110000	0.00012500
440300	440100	0.00012500
440300	440300	0.00037500
440300	440500	0.00012500
440300	441800	0.00012500
440300	500000	0.00012500
440400	341500	0.00100000
440500	440300	0.00025000
440500	440500	0.00050000
440500	445281	0.00025000
440600	440000	0.00033333
440600	440784	0.00033333
440600	441200	0.00033333
440700	440100	0.00100000
440800	411527	0.00100000
440900	440800	0.00050000
440900	445300	0.00050000
440981	440100	0.00100000
440983	500000	0.00100000
441224	440400	0.00100000
441300	440500	0.00100000
441481	441481	0.00100000
441581	520000	0.00100000
441600	440300	0.00050000
441600	500000	0.00050000
441900	140000	0.00007143
441900	220100	0.00007143
441900	320300	0.00007143
441900	330200	0.00007143
441900	340000	0.00007143
441900	350000	0.00007143
441900	350181	0.00007143
441900	440100	0.00021429
441900	440600	0.00007143
441900	441900	0.00007143
441900	442000	0.00007143
441900	445200	0.00007143
442000	440300	0.00100000
445200	110000	0.00033333
445200	360000	0.00033333
445200	445200	0.00033333
450000	120000	0.00001449
450000	130000	0.00005797
450000	130500	0.00001449
450000	230000	0.00001449
450000	320000	0.00001449
450000	350000	0.00024638
450000	370000	0.00010145
450000	410000	0.00008696
450000	410500	0.00001449
450000	430000	0.00004348
450000	440000	0.00017391
450000	445200	0.00001449
450000	450000	0.00008696
450000	450100	0.00002899
450000	450700	0.00001449
450000	500000	0.00001449
450000	520000	0.00002899
450000	620000	0.00002899
450100	350500	0.00042857
450100	440300	0.00014286
450100	440500	0.00014286
450100	450100	0.00028571
450200	350500	0.00040000
450200	350583	0.00020000
450200	450200	0.00020000
450200	450900	0.00020000
450300	445200	0.00033333
450300	450400	0.00033333
450300	520522	0.00033333
450324	410926	0.00100000
450400	610100	0.00100000
450422	450422	0.00100000
450521	350000	0.00100000
450800	410700	0.00100000
450900	340124	0.00050000
450900	440600	0.00050000
451100	440000	0.00050000
451100	440300	0.00050000
451122	441900	0.00100000
451200	460000	0.00100000
460000	340000	0.00020000
460000	350000	0.00060000
460000	350200	0.00020000
460100	440800	0.00100000
500000	120000	0.00000735
500000	130000	0.00004412
500000	130400	0.00000735
500000	130500	0.00000735
500000	130600	0.00000735
500000	140000	0.00001471
500000	150000	0.00000735
500000	220000	0.00000735
500000	310000	0.00002206
500000	320000	0.00005882
500000	321283	0.00000735
500000	330000	0.00000735
500000	340000	0.00004412
500000	341600	0.00000735
500000	350000	0.00018382
500000	350100	0.00000735
500000	350400	0.00001471
500000	350500	0.00000735
500000	360000	0.00001471
500000	370000	0.00004412
500000	370100	0.00000735
500000	370800	0.00001471
500000	410000	0.00008088
500000	410700	0.00001471
500000	411300	0.00000735
500000	420100	0.00000735
500000	430000	0.00000735
500000	440000	0.00005882
500000	440100	0.00001471
500000	440300	0.00002206
500000	440600	0.00000735
500000	442000	0.00000735
500000	500000	0.00008088
500000	510000	0.00003676
500000	511024	0.00000735
500000	511028	0.00000735
500000	511700	0.00000735
500000	520000	0.00002206
500000	520200	0.00000735
500000	520300	0.00000735
500000	530000	0.00002206
500000	610000	0.00000735
500000	610700	0.00000735
500000	620000	0.00000735
500000	650000	0.00000735
500100	130582	0.00100000
500106	500106	0.00100000
500107	500000	0.00100000
500200	130400	0.00016667
500200	130500	0.00016667
500200	320000	0.00016667
500200	350300	0.00016667
500200	360100	0.00016667
500200	500200	0.00016667
500228	350400	0.00050000
500228	411300	0.00050000
500233	440100	0.00100000
500237	130130	0.00100000
510000	110000	0.00000717
510000	120000	0.00001434
510000	130000	0.00012186
510000	130100	0.00000358
510000	130626	0.00000358
510000	140000	0.00000717
510000	150000	0.00000717
510000	210000	0.00000358
510000	220000	0.00000717
510000	230000	0.00000717
510000	320000	0.00001075
510000	320300	0.00000358
510000	330000	0.00001434
510000	330483	0.00000358
510000	330900	0.00000358
510000	340000	0.00005735
510000	350000	0.00017563
510000	360000	0.00000717
510000	360600	0.00000358
510000	370000	0.00005735
510000	370100	0.00000358
510000	370200	0.00000358
510000	370800	0.00000358
510000	371323	0.00000358
510000	371400	0.00000358
510000	410000	0.00018280
510000	410200	0.00000717
510000	411600	0.00000358
510000	430000	0.00000717
510000	430100	0.00000358
510000	440000	0.00006810
510000	440100	0.00000717
510000	440300	0.00000358
510000	440800	0.00000358
510000	441900	0.00000358
510000	450000	0.00000717
510000	450700	0.00000358
510000	500000	0.00002867
510000	510000	0.00005376
510000	513401	0.00000358
510000	520000	0.00001434
510000	520100	0.00000358
510000	520400	0.00000358
510000	530000	0.00000358
510000	540000	0.00000358
510000	610000	0.00002151
510000	620000	0.00000717
510000	630000	0.00000358
510000	650000	0.00001075
510000	654002	0.00000358
510100	130000	0.00025000
510100	130400	0.00012500
510100	340300	0.00012500
510100	341200	0.00012500
510100	370000	0.00012500
510100	410926	0.00012500
510100	411400	0.00012500
510121	130400	0.00033333
510121	130900	0.00033333
510121	320300	0.00033333
510182	510182	0.00100000
510300	371400	0.00025000
510300	429005	0.00025000
510300	441900	0.00025000
510300	510300	0.00025000
510400	130400	0.00033333
510400	410900	0.00033333
510400	520400	0.00033333
510500	320100	0.00033333
510500	330800	0.00033333
510500	445200	0.00033333
510521	410300	0.00100000
510522	610300	0.00100000
510600	350200	0.00050000
510600	411300	0.00050000
510681	130400	0.00050000
510681	411100	0.00050000
510682	130000	0.00100000
510700	130400	0.00020000
510700	150000	0.00020000
510700	320300	0.00020000
510700	370400	0.00020000
510700	620100	0.00020000
510722	110000	0.00100000
510800	130900	0.00100000
510823	410500	0.00100000
510900	130100	0.00033333
510900	370000	0.00033333
510900	510700	0.00033333
510922	320300	0.00100000
511000	130900	0.00050000
511000	371500	0.00050000
511100	320321	0.00100000
511126	510000	0.00100000
511300	130600	0.00011111
511300	140600	0.00011111
511300	320300	0.00011111
511300	370800	0.00011111
511300	410000	0.00011111
511300	440000	0.00011111
511300	440300	0.00011111
511300	500000	0.00011111
511300	652800	0.00011111
511324	410600	0.00100000
511400	131100	0.00050000
511400	530000	0.00050000
511421	320300	0.00100000
511500	330400	0.00050000
511500	371400	0.00050000
511523	130500	0.00100000
511525	410482	0.00100000
511600	130900	0.00016667
511600	350524	0.00016667
511600	420900	0.00016667
511600	441900	0.00016667
511600	500000	0.00016667
511600	511623	0.00016667
511621	441500	0.00100000
511623	350500	0.00100000
511681	445200	0.00100000
511700	130500	0.00014286
511700	321203	0.00014286
511700	350500	0.00014286
511700	370800	0.00014286
511700	440300	0.00014286
511700	511700	0.00028571
511723	130400	0.00050000
511723	350300	0.00050000
511724	445281	0.00100000
511800	320400	0.00100000
511900	131000	0.00100000
512000	130500	0.00033333
512000	130600	0.00033333
512000	350100	0.00033333
513400	513432	0.00100000
520000	130000	0.00012069
520000	130400	0.00001724
520000	130983	0.00001724
520000	320000	0.00010345
520000	320500	0.00001724
520000	320700	0.00001724
520000	330000	0.00005172
520000	330200	0.00001724
520000	341200	0.00001724
520000	350000	0.00010345
520000	350300	0.00001724
520000	360000	0.00001724
520000	370000	0.00010345
520000	410000	0.00012069
520000	430000	0.00001724
520000	440000	0.00013793
520000	450200	0.00001724
520000	500000	0.00001724
520000	510000	0.00003448
520000	520000	0.00001724
520000	610000	0.00001724
520100	130000	0.00006061
520100	130400	0.00001010
520100	130600	0.00001010
520100	320000	0.00004040
520100	320300	0.00001010
520100	321300	0.00001010
520100	330000	0.00001010
520100	341181	0.00001010
520100	350000	0.00026263
520100	350100	0.00001010
520100	350200	0.00001010
520100	350300	0.00006061
520100	350400	0.00002020
520100	350500	0.00002020
520100	350525	0.00001010
520100	360100	0.00001010
520100	370000	0.00003030
520100	370881	0.00001010
520100	410000	0.00010101
520100	410183	0.00001010
520100	410500	0.00001010
520100	410526	0.00001010
520100	410621	0.00001010
520100	411700	0.00001010
520100	420100	0.00001010
520100	421200	0.00001010
520100	440000	0.00005051
520100	440100	0.00001010
520100	440300	0.00002020
520100	445200	0.00001010
520100	500000	0.00003030
520100	510000	0.00001010
520100	520000	0.00004040
520100	520100	0.00001010
520100	530000	0.00002020
520100	610000	0.00001010
520100	810000	0.00001010
520181	120000	0.00033333
520181	350500	0.00033333
520181	410000	0.00033333
520200	130000	0.00008824
520200	140000	0.00008824
520200	320100	0.00002941
520200	320300	0.00005882
520200	340400	0.00002941
520200	350000	0.00002941
520200	370000	0.00011765
520200	370400	0.00002941
520200	371300	0.00002941
520200	410000	0.00011765
520200	410200	0.00005882
520200	410700	0.00005882
520200	430000	0.00002941
520200	440100	0.00002941
520200	450000	0.00002941
520200	500000	0.00002941
520200	520000	0.00008824
520200	520222	0.00002941
520200	659001	0.00002941
520203	350300	0.00100000
520221	350583	0.00050000
520221	370800	0.00050000
520222	350000	0.00033333
520222	440000	0.00033333
520222	440500	0.00033333
520300	120000	0.00001515
520300	130000	0.00006061
520300	130900	0.00001515
520300	131000	0.00001515
520300	141100	0.00001515
520300	150000	0.00001515
520300	320000	0.00003030
520300	330000	0.00001515
520300	340000	0.00001515
520300	350000	0.00030303
520300	350400	0.00001515
520300	370000	0.00004545
520300	410000	0.00004545
520300	410100	0.00001515
520300	420100	0.00001515
520300	440000	0.00009091
520300	440100	0.00001515
520300	440300	0.00003030
520300	440500	0.00001515
520300	440600	0.00001515
520300	442000	0.00001515
520300	445100	0.00001515
520300	500000	0.00006061
520300	510000	0.00001515
520300	510700	0.00001515
520300	520000	0.00001515
520300	520300	0.00003030
520300	610000	0.00001515
520300	650000	0.00001515
520322	130200	0.00033333
520322	350000	0.00033333
520322	520322	0.00033333
520381	350000	0.00050000
520381	371400	0.00050000
520382	350400	0.00050000
520382	410000	0.00050000
520400	130000	0.00006250
520400	130100	0.00003125
520400	140000	0.00003125
520400	320000	0.00006250
520400	320300	0.00003125
520400	340000	0.00003125
520400	350000	0.00012500
520400	350300	0.00003125
520400	350500	0.00003125
520400	370000	0.00006250
520400	370600	0.00003125
520400	410000	0.00006250
520400	410526	0.00003125
520400	410700	0.00003125
520400	410800	0.00003125
520400	430000	0.00006250
520400	440000	0.00009375
520400	500000	0.00009375
520400	510000	0.00003125
520400	520000	0.00003125
520500	130000	0.00004348
520500	310000	0.00004348
520500	320000	0.00004348
520500	320800	0.00004348
520500	340000	0.00008696
520500	350000	0.00021739
520500	350500	0.00004348
520500	370000	0.00013043
520500	370400	0.00004348
520500	371300	0.00004348
520500	440000	0.00004348
520500	440300	0.00004348
520500	450000	0.00004348
520500	500000	0.00004348
520500	520000	0.00008696
520521	430000	0.00100000
520522	210300	0.00033333
520522	350500	0.00066667
520523	441300	0.00100000
520524	350000	0.00050000
520524	410800	0.00050000
520525	350500	0.00100000
520600	110000	0.00005263
520600	120000	0.00005263
520600	140000	0.00005263
520600	340000	0.00005263
520600	350000	0.00015789
520600	350681	0.00005263
520600	370000	0.00005263
520600	410000	0.00010526
520600	440000	0.00005263
520600	440100	0.00005263
520600	440500	0.00005263
520600	500000	0.00005263
520600	510000	0.00010526
520600	511300	0.00005263
520600	520000	0.00005263
522300	330700	0.00100000
522301	330000	0.00025000
522301	350800	0.00025000
522301	360000	0.00025000
522301	370000	0.00025000
522322	130400	0.00050000
522322	130900	0.00050000
522324	140100	0.00100000
522326	440300	0.00100000
522601	130000	0.00016667
522601	320000	0.00016667
522601	320300	0.00016667
522601	340000	0.00016667
522601	350000	0.00033333
522625	350200	0.00100000
522626	520600	0.00100000
522631	330300	0.00100000
522701	330185	0.00033333
522701	440900	0.00033333
522701	520000	0.00033333
522702	321300	0.00020000
522702	360100	0.00020000
522702	440000	0.00020000
522702	520000	0.00020000
522702	652801	0.00020000
522722	520000	0.00100000
522725	511700	0.00100000
522728	410900	0.00100000
530000	110000	0.00000826
530000	120000	0.00000826
530000	130000	0.00008264
530000	140000	0.00001653
530000	210000	0.00001653
530000	220000	0.00000826
530000	230000	0.00000826
530000	310000	0.00000826
530000	320000	0.00009091
530000	320300	0.00000826
530000	320400	0.00000826
530000	330000	0.00000826
530000	340000	0.00004959
530000	350000	0.00014050
530000	350400	0.00000826
530000	360000	0.00000826
530000	370000	0.00007438
530000	370323	0.00000826
530000	370600	0.00000826
530000	371427	0.00000826
530000	410000	0.00014050
530000	430000	0.00000826
530000	430200	0.00000826
530000	440000	0.00007438
530000	445200	0.00000826
530000	450000	0.00000826
530000	510000	0.00009091
530000	510100	0.00000826
530000	520000	0.00001653
530000	530000	0.00003306
530000	610000	0.00000826
530000	620000	0.00000826
530000	650000	0.00000826
530100	340100	0.00016667
530100	341600	0.00008333
530100	370400	0.00008333
530100	370800	0.00008333
530100	410500	0.00008333
530100	411300	0.00008333
530100	440883	0.00008333
530100	441300	0.00008333
530100	445200	0.00008333
530100	530100	0.00016667
530181	530100	0.00100000
530300	350300	0.00025000
530300	350500	0.00025000
530300	520200	0.00025000
530300	530381	0.00025000
530381	350582	0.00100000
530600	130500	0.00014286
530600	320900	0.00014286
530600	330782	0.00014286
530600	350000	0.00014286
530600	350300	0.00014286
530600	350400	0.00014286
530600	430000	0.00014286
530622	350300	0.00100000
530624	320800	0.00050000
530624	350500	0.00050000
530628	410900	0.00100000
530629	350500	0.00100000
532601	130600	0.00016667
532601	320900	0.00016667
532601	340100	0.00016667
532601	411100	0.00016667
532601	440800	0.00016667
532601	510521	0.00016667
532627	350400	0.00100000
532628	371500	0.00100000
532801	530000	0.00100000
532900	140200	0.00100000
532901	340100	0.00025000
532901	371500	0.00025000
532901	530722	0.00025000
532901	532901	0.00025000
533102	350300	0.00100000
540000	410000	0.00050000
540000	440000	0.00050000
540100	610400	0.00100000
610000	110000	0.00004706
610000	130000	0.00008235
610000	140000	0.00001176
610000	320000	0.00003529
610000	340000	0.00007059
610000	350000	0.00009412
610000	360000	0.00001176
610000	370000	0.00011765
610000	410000	0.00029412
610000	420000	0.00003529
610000	440000	0.00003529
610000	445381	0.00001176
610000	500000	0.00003529
610000	510000	0.00001176
610000	510100	0.00001176
610000	520000	0.00001176
610000	530000	0.00001176
610000	610000	0.00005882
610000	620000	0.00001176
610100	130000	0.00012500
610100	371700	0.00012500
610100	410700	0.00012500
610100	411300	0.00012500
610100	610100	0.00037500
610100	620500	0.00012500
610122	370883	0.00100000
610200	371700	0.00033333
610200	411400	0.00033333
610200	610900	0.00033333
610300	320322	0.00100000
610400	330900	0.00025000
610400	341300	0.00025000
610400	370000	0.00025000
610400	610400	0.00025000
610423	410200	0.00100000
610431	410181	0.00100000
610500	410300	0.00033333
610500	411082	0.00033333
610500	610100	0.00033333
610700	130429	0.00033333
610700	210400	0.00033333
610700	440100	0.00033333
610723	130400	0.00050000
610723	411300	0.00050000
610725	411421	0.00100000
610822	370831	0.00100000
610900	130400	0.00016667
610900	140500	0.00016667
610900	320500	0.00016667
610900	371300	0.00016667
610900	371723	0.00016667
610900	411300	0.00016667
610922	610400	0.00100000
610924	411000	0.00100000
610925	139001	0.00100000
610926	131000	0.00100000
611000	610100	0.00100000
620000	130000	0.00009091
620000	140000	0.00004545
620000	320000	0.00004545
620000	350000	0.00027273
620000	360000	0.00009091
620000	370000	0.00013636
620000	410000	0.00004545
620000	411300	0.00004545
620000	430000	0.00004545
620000	610000	0.00009091
620000	620000	0.00004545
620000	650000	0.00004545
620100	350322	0.00033333
620100	610000	0.00033333
620100	620100	0.00033333
620321	330700	0.00100000
620500	620500	0.00100000
621100	610000	0.00100000
621200	140800	0.00050000
621200	370800	0.00050000
630000	110000	0.00016667
630000	130000	0.00016667
630000	411322	0.00016667
630000	440000	0.00016667
630000	440700	0.00016667
630000	630000	0.00016667
630100	371700	0.00025000
630100	440300	0.00025000
630100	630100	0.00025000
630100	650100	0.00025000
632822	630100	0.00100000
640000	350000	0.00020000
640000	410000	0.00040000
640000	420000	0.00020000
640000	440000	0.00020000
640100	411400	0.00100000
640121	620000	0.00100000
650000	130000	0.00013043
650000	231000	0.00004348
650000	340000	0.00004348
650000	350000	0.00013043
650000	370000	0.00013043
650000	410000	0.00021739
650000	410300	0.00004348
650000	420000	0.00004348
650000	440000	0.00004348
650000	610000	0.00008696
650000	650000	0.00008696
650100	411727	0.00050000
650100	500000	0.00050000
652301	411000	0.00050000
652301	650100	0.00050000
652801	321200	0.00100000
652901	652901	0.00100000
654021	130500	0.00100000
654023	650000	0.00100000
654300	410100	0.00100000
810000	440600	0.00100000
